5.813357998745756205e+00 3.815172261304478063e+00 0.000000000000000000e+00 7.812050289337202358e+00 1.334110042559104592e+00 0.000000000000000000e+00 7.812050289337202358e+00 1.334110042559104592e+00 0.000000000000000000e+00 1.000000000000000000e+00 1.000000000000000000e+00
7.689405526229808885e-01 4.461138646357868609e+00 0.000000000000000000e+00 6.769249785398045560e+00 6.343639149432165780e+00 0.000000000000000000e+00 6.769249785398045560e+00 6.343639149432165780e+00 0.000000000000000000e+00 1.000000000000000000e+00 1.000000000000000000e+00
2.022424221256906574e+00 4.003767220745330313e+00 0.000000000000000000e+00 9.968739320391939884e+00 6.098618525452454087e+00 0.000000000000000000e+00 9.968739320391939884e+00 6.098618525452454087e+00 0.000000000000000000e+00 1.000000000000000000e+00 1.000000000000000000e+00
4.533869859072892083e-01 6.084731800126108592e-01 0.000000000000000000e+00 3.152261996134961830e+00 6.755708006991079984e+00 0.000000000000000000e+00 3.152261996134961830e+00 6.755708006991079984e+00 0.000000000000000000e+00 1.000000000000000000e+00 1.000000000000000000e+00
7.453006269692432184e+00 6.616754557064217224e+00 0.000000000000000000e+00 3.721997530227949547e-02 7.855996111317863573e+00 0.000000000000000000e+00 3.721997530227949547e-02 7.855996111317863573e+00 0.000000000000000000e+00 1.000000000000000000e+00 1.000000000000000000e+00
1.593641284198921149e+00 5.113365905402392997e+00 0.000000000000000000e+00 8.574579971617033891e+00 2.765920339727216959e+00 0.000000000000000000e+00 8.574579971617033891e+00 2.765920339727216959e+00 0.000000000000000000e+00 1.000000000000000000e+00 1.000000000000000000e+00
2.753286950469224781e+00 5.135899232294393713e+00 0.000000000000000000e+00 8.983275939471006666e+00 3.120533330771974256e+00 0.000000000000000000e+00 8.983275939471006666e+00 3.120533330771974256e+00 0.000000000000000000e+00 1.000000000000000000e+00 1.000000000000000000e+00
9.733173758131250963e+00 3.090242519680010069e+00 0.000000000000000000e+00 3.163052205353657165e+00 6.771466852782525692e+00 0.000000000000000000e+00 3.163052205353657165e+00 6.771466852782525692e+00 0.000000000000000000e+00 1.000000000000000000e+00 1.000000000000000000e+00
6.023681531471485329e+00 3.684807469483852849e-02 0.000000000000000000e+00 6.531437840910392367e+00 4.011660137802294912e+00 0.000000000000000000e+00 6.531437840910392367e+00 4.011660137802294912e+00 0.000000000000000000e+00 1.000000000000000000e+00 1.000000000000000000e+00
6.175028678728987863e+00 1.688131956155629609e+00 0.000000000000000000e+00 6.918611977036249527e+00 7.974200163571988575e+00 0.000000000000000000e+00 6.918611977036249527e+00 7.974200163571988575e+00 0.000000000000000000e+00 1.000000000000000000e+00 1.000000000000000000e+00
6.658517160064269191e+00 7.511984442473216284e+00 0.000000000000000000e+00 7.667848769341826021e+00 9.397017581619095949e+00 0.000000000000000000e+00 7.667848769341826021e+00 9.397017581619095949e+00 0.000000000000000000e+00 1.000000000000000000e+00 1.000000000000000000e+00
5.604937056536297924e+00 1.970462671862077686e+00 0.000000000000000000e+00 8.769317207596539987e+00 6.630110633819988664e+00 0.000000000000000000e+00 8.769317207596539987e+00 6.630110633819988664e+00 0.000000000000000000e+00 1.000000000000000000e+00 1.000000000000000000e+00
4.017220465890128267e+00 8.811183576686280716e+00 0.000000000000000000e+00 8.585494347027060158e+00 4.362492246255627037e+00 0.000000000000000000e+00 8.585494347027060158e+00 4.362492246255627037e+00 0.000000000000000000e+00 1.000000000000000000e+00 1.000000000000000000e+00
9.276476537301720171e+00 9.151209463687660417e+00 0.000000000000000000e+00 5.589814824791848658e+00 1.400647233044749473e+00 0.000000000000000000e+00 5.589814824791848658e+00 1.400647233044749473e+00 0.000000000000000000e+00 1.000000000000000000e+00 1.000000000000000000e+00
3.147491999270339846e+00 5.980751030029757054e+00 0.000000000000000000e+00 2.503230933743866515e+00 4.518567240933323959e+00 0.000000000000000000e+00 2.503230933743866515e+00 4.518567240933323959e+00 0.000000000000000000e+00 1.000000000000000000e+00 1.000000000000000000e+00
6.189370480053857371e-02 2.117698867871483870e+00 0.000000000000000000e+00 5.801495143387846998e-01 5.760387012511457350e+00 0.000000000000000000e+00 5.801495143387846998e-01 5.760387012511457350e+00 0.000000000000000000e+00 1.000000000000000000e+00 1.000000000000000000e+00
2.676177687398813010e+00 2.057372620199704460e-01 0.000000000000000000e+00 2.925112548038235616e+00 8.553272414647743460e+00 0.000000000000000000e+00 2.925112548038235616e+00 8.553272414647743460e+00 0.000000000000000000e+00 1.000000000000000000e+00 1.000000000000000000e+00
3.929840305081962804e+00 3.973507109677922866e+00 0.000000000000000000e+00 9.101060336809188911e+00 3.457409189859531828e+00 0.000000000000000000e+00 9.101060336809188911e+00 3.457409189859531828e+00 0.000000000000000000e+00 1.000000000000000000e+00 1.000000000000000000e+00
8.527023627215648105e+00 2.790517226441532550e+00 0.000000000000000000e+00 8.777054037905498873e+00 4.037232222454364639e+00 0.000000000000000000e+00 8.777054037905498873e+00 4.037232222454364639e+00 0.000000000000000000e+00 1.000000000000000000e+00 1.000000000000000000e+00
3.594515436554731380e+00 8.292417860153934228e+00 0.000000000000000000e+00 4.093013645707715753e+00 5.092015488093071696e+00 0.000000000000000000e+00 4.093013645707715753e+00 5.092015488093071696e+00 0.000000000000000000e+00 1.000000000000000000e+00 1.000000000000000000e+00
